	

4 7
0 5 2 3
5 0 2 3
3 1 0 2
3 3 2 0

0 2 2 7
2 0 1 2
2 2 0 2
7 2 2 0

4 7
0 5 2 3
5 0 2 3
3 1 0 2
3 3 2 0

0 2 2 7
2 0 1 2
2 2 0 5
7 2 5 0



	

4 7
0 5 2 3
5 0 2 3
3 1 0 2
3 3 2 0

0 2 2 7
2 0 1 2
2 2 0 2
7 2 2 0

4 7
0 5 2 3
5 0 2 3
3 1 0 2
3 3 2 0

0 2 2 7
2 0 1 2
2 2 0 5
7 2 5 0

3 4
0 1 4
1 0 2
4 2 0

0 2 4
2 0 1
4 1 0 



	

4 7
0 5 2 3
5 0 2 3
3 1 0 2
3 3 2 0

0 2 2 7
2 0 1 2
2 2 0 2
7 2 2 0

4 7
0 5 2 3
5 0 2 3
3 1 0 2
3 3 2 0

0 2 2 7
2 0 1 2
2 2 0 5
7 2 5 0

4 8
0 3 1 4
3 0 0 2
1 0 0 2
4 2 2 0

0 2 4 8
2 0 0 3
4 0 0 6
8 3 6 0



	

4 7
0 5 2 3
5 0 2 3
3 1 0 2
3 3 2 0

0 2 2 7
2 0 1 2
2 2 0 2
7 2 2 0

4 7
0 5 2 3
5 0 2 3
3 1 0 2
3 3 2 0

0 2 2 7
2 0 1 2
2 2 0 5
7 2 5 0

4 8
0 3 1 4
3 0 0 2
1 0 0 2
4 2 2 0

0 2 4 8
2 0 0 3
4 0 0 6
8 3 6 0

3 4
0 1 4
1 0 2
4 2 0

0 2 4
2 0 1
4 1 0



	

4 22

0 2 6 5 
4 0 7 4 
5 1 0 9 
5 9 4 0 

0 1 1 2 
2 0 7 1 
6 7 0 7 
4 2 7 0 



	

4 7
0 5 2 3
5 0 2 3
3 1 0 2
3 3 2 0

0 2 2 7
2 0 1 2
2 2 0 2
7 2 2 0

4 7
0 5 2 3
5 0 2 3
3 1 0 2
3 3 2 0

0 2 2 7
2 0 1 2
2 2 0 5
7 2 5 0

4 8
0 3 1 4
3 0 0 2
1 0 0 2
4 2 2 0

0 2 4 8
2 0 0 2
4 0 0 6
8 2 6 0

3 4
0 1 4
1 0 2
4 2 0

0 2 4
2 0 1
4 1 0



	

4 7
0 6 2 5
5 0 6 3
4 4 0 8
7 8 3 0

0 12 12 17
12 0 11 12
12 12 0 15
17 12 15 0



	

4 7
0 5 2 3
5 0 2 3
3 1 0 2
3 3 2 0

0 2 2 7
2 0 1 2
2 2 0 2
7 2 2 0

4 7
0 5 2 3
5 0 2 3
3 1 0 2
3 3 2 0

0 2 2 7
2 0 1 2
2 2 0 5
7 2 5 0

4 8
0 3 1 4
3 0 0 2
1 0 0 2
4 2 2 0

0 2 4 8
2 0 0 3
4 0 0 6
8 3 6 0



	

 

4 8
0 3 1 4
3 0 0 2
1 0 0 2
4 2 2 0

0 2 4 8
2 0 0 3
4 0 0 6
8 3 6 0



	

4 7
0 5 2 3
5 0 2 3
3 1 0 2
3 3 2 0

0 2 2 7
2 0 1 2
2 2 0 2
7 2 2 0

4 7
0 5 2 3
5 0 2 3
3 1 0 2
3 3 2 0

0 2 2 7
2 0 1 2
2 2 0 5
7 2 5 0

4 8
0 3 1 4
3 0 0 2
1 0 0 2
4 2 2 0

0 2 4 8
2 0 0 3
4 0 0 6
8 3 6 0

3 4
0 1 4
1 0 2
4 2 0

0 2 4
2 0 1
4 1 0



	

4 22

0 2 6 5
4 0 7 4
5 1 0 9
5 9 4 0

0 1 1 2
2 0 7 1
6 7 0 7
4 2 7 0



	

4 7
0 5 2 3
5 0 2 3
3 1 0 2
3 3 2 0

0 2 2 7
2 0 1 2
2 2 0 2
7 2 2 0



	

4 7
0 5 2 3
5 0 2 3
3 1 0 2
3 3 2 0

0 2 2 7
2 0 1 2
2 2 0 2
7 2 2 0

4 7
0 5 2 3
5 0 2 3
3 1 0 2
3 3 2 0

0 2 2 7
2 0 1 2
2 2 0 5
7 2 5 0

4 8
0 3 1 4
3 0 0 2
1 0 0 2
4 2 2 0

0 2 4 8
2 0 0 2
4 0 0 6
8 2 6 0

3 4
0 1 4
1 0 2
4 2 0

0 2 4
2 0 1
4 1 0



	

4 8
0 3 1 4
3 0 0 2
1 0 0 2
4 2 2 0

0 2 4 8
2 0 0 3
4 0 0 6
8 3 6 0



	

4 7
0 5 2 3
5 0 2 3
3 1 0 2
3 3 2 0

0 2 2 7
2 0 1 2
2 2 0 5
7 2 5 0

4 8
0 3 1 4
3 0 0 2
1 0 0 2
4 2 2 0

0 2 4 8
2 0 0 3
4 0 0 6
8 3 6 0



	

3 4
0 1 4
1 0 2
4 2 0

0 2 4
2 0 1
4 1 0 



	

4 8
0 3 1 4
3 0 0 2
1 0 0 2
4 2 2 0

0 2 4 8
2 0 0 3
4 0 0 6
8 3 6 0



	

3 4
0 1 4
1 0 2
4 2 0

0 2 4
2 0 1
4 1 0



	

4 8
0 3 1 4
3 0 0 2
1 0 0 2
4 2 2 0

0 2 4 8
2 0 0 3
4 0 0 6
8 3 6 0

	
4 7
0 5 2 3
5 0 2 3
3 1 0 2
3 3 2 0

0 2 2 7
2 0 1 2
2 2 0 2
7 2 2 0

4 7
0 5 2 3
5 0 2 3
3 1 0 2
3 3 2 0

0 2 2 7
2 0 1 2
2 2 0 5
7 2 5 0

4 8
0 3 1 4
3 0 0 2
1 0 0 2
4 2 2 0

0 2 4 8
2 0 0 3
4 0 0 6
8 3 6 0

3 4
0 1 4
1 0 2
4 2 0

0 2 4
2 0 1
4 1 0



	

4 8
0 3 1 4
3 0 0 2
1 0 0 2
4 2 2 0

0 2 4 8
2 0 0 3
4 0 0 6
8 3 6 0

	
4 7
0 5 2 3
5 0 2 3
3 1 0 2
3 3 2 0

0 2 2 7
2 0 1 2
2 2 0 2
7 2 2 0

4 7
0 5 2 3
5 0 2 3
3 1 0 2
3 3 2 0

0 2 2 7
2 0 1 2
2 2 0 5
7 2 5 0

4 8
0 3 1 4
3 0 0 2
1 0 0 2
4 2 2 0

0 2 4 8
2 0 0 3
4 0 0 6
8 3 6 0

3 4
0 1 4
1 0 2
4 2 0

0 2 4
2 0 1
4 1 0



	

3 7
0 1 1
1 0 1
1 1 0 

0 3 1
1 0 2
1 1 0



	

3 4
0 2 3
2 0 2
3 2 0

0 1 2
1 0 1
2 1 0


	

3 4
0 2 3
2 0 2
3 2 0

0 1 2
1 0 1
2 1 0

3 4
0 2 3
2 0 1
3 1 0

0 2 3
2 0 0
3 0 0


	

3 4
0 2 3
2 0 2
3 2 0

0 1 2
1 0 1
2 1 0

3 4
0 2 3
2 0 1
3 1 0

0 2 3
2 0 0
3 0 0

3 4
0 2 3
2 0 1
3 1 0

0 3 3
2 0 0
3 0 0


	

4 7
0 5 2 3
5 0 2 3
3 1 0 2
3 3 2 0

0 2 2 7
2 0 1 2
2 2 0 2
7 2 2 0

4 7
0 5 2 3
5 0 2 3
3 1 0 2
3 3 2 0

0 2 2 7
2 0 1 2
2 2 0 5
7 2 5 0



	

4 7
0 5 2 3
5 0 2 3
3 1 0 2
3 3 2 0

0 2 2 7
2 0 1 2
2 2 0 2
7 2 2 0

4 7
0 5 2 3
5 0 2 3
3 1 0 2
3 3 2 0

0 2 2 7
2 0 1 2
2 2 0 5
7 2 5 0

4 8
0 3 1 4
3 0 0 2
1 0 0 2
4 2 2 0

0 2 4 8
2 0 0 3
4 0 0 6
8 3 6 0

3 4
0 1 4
1 0 2
4 2 0

0 2 4
2 0 1
4 1 0



	

5 5
0 0 0 0 1
0 9 9 9 0
0 0 0 0 0
9 9 9 4 9
9 9 9 0 0

0 0 0 0 0
9 0 0 0 0
0 0 0 0 0
0 0 0 0 0
0 0 0 0 0



	

4 7
0 5 2 3
5 0 2 3
3 1 0 2
3 3 2 0

0 2 2 7
2 0 1 2
2 2 0 5
7 2 5 0



	

4 7
0 5 5 3
5 0 2 8
3 1 0 2
3 3 2 0

0 2 2 7
2 0 1 2
2 2 0 5
7 2 5 0



	

4 7
0 5 4 3
5 0 2 8
3 1 0 3
3 3 2 0

0 2 2 7
2 4 1 2
2 2 0 5
7 2 5 0



	

4 30
0 4 21 33
5 8 28 39
3 12 3 24
31 33 22 5

7 6 3 9
2 2 4 6
9 6 10 8
34 22 5 9



	

4 40
0 4 21 33
5 8 28 39
3 12 3 24
31 33 22 5

7 6 3 9
2 2 4 6
9 6 10 8
34 22 5 9



	

4 50
0 4 1 3
5 8 8 9
3 2 3 4
31 33 22 5

7 6 3 9
2 2 4 6
9 6 10 8
34 22 5 9



	

4 15

1 2 3 4
5 6 7 8
2 3 4 5
4 5 6 7

1 2 3 4
4 3 2 1
3 4 1 2
1 2 4 3

4 17

3 4 5 6
3 4 5 6
3 4 5 6
3 4 5 6

1 1 1 9
1 1 1 12
1 1 1 10
1 1 1 8

0 0