201
.. 100000000000 25
100000000000 50
10000000 50
10000000 50
10000000 50
10000000 50
10000000 50
10000000 50
10000000 50
10000000 50
10000000 50
10000000 50
10000000 50
10000000 50
10000000 50
10000000 50
10000000 50
10000000 50
10000000 50
10000000 50
10000000 50
10000000 50
10000000 50
10000000 50
10000000 50
10000000 50
10000000 50
10000000 50
10000000 50
10000000 50
10000000 50
10000000 50
10000000 50
10000000 50
10000000 50
10000000 50
10000000 50
10000000 50
10000000 50
10000000 50
10000000 50
10000000 50
10000000 50
10000000 50
10000000 50
10000000 50
10000000 50
10000000 50
10000000 50
10000000 50
10000000 50
10000000 50
10000000 50
10000000 50
10000000 50
10000000 50
10000000 50
10000000 50
10000000 50
10000000 50
10000000 50
10000000 50
10000000 50
10000000 50
10000000 50
10000000 50
10000000 50
10000000 50
10000000 50
10000000 50
10000000 50
10000000 50
10000000 50
10000000 50
10000000 50
10000000 50
10000000 50
10000000 50
10000000 50
10000000 50
10000000 50
10000000 50
10000000 50
10000000 50
10000000 50
10000000 50
10000000 50
10000000 50
10000000 50
10000000 50
10000000 50
10000000 50
10000000 50
10000000 50
10000000 50
10000000 50
10000000 50
10000000 50
10000000 50
10000000 50
10000000 50
10000000 50
10000000 50
10000000 50
10000000 50
10000000 50
10000000 50
10000000 50
10000000 50
10000000 50
10000000 50
10000000 50
10000000 50
10000000 50
10000000 50
10000000 50
10000000 50
10000000 50
10000000 50
10000000 50
10000000 50
10000000 50
10000000 50
10000000 50
10000000 50
10000000 50
10000000 50
10000000 50
10000000 50
10000000 50
10000000 50
10000000 50
10000000 50
10000000 50
10000000 50
10000000 50
10000000 50
10000000 50
10000000 50
10000000 50
10000000 50
10000000 50
10000000 50
10000000 50
10000000 50
10000000 50
10000000 50
10000000 50
10000000 50
10000000 50
10000000 50
10000000 50
10000000 50
10000000 50
10000000 50
10000000 50
10000000 50
10000000 50
10000000 50
10000000 50
10000000 50
10000000 50
10000000 50
10000000 50
10000000 50
10000000 50
10000000 50
10000000 50
10000000 50
10000000 50
10000000 50
10000000 50
10000000 50
10000000 50
10000000 50
10000000 50
10000000 50
10000000 50
10000000 50
10000000 50
10000000 50
10000000 50
10000000 50
10000000 50
10000000 50
10000000 50
10000000 50
10000000 50
10000000 50
10000000 50
10000000 50
10000000 50
10000000 50
10000000 50
10000000 50
10000000 50
10000000 50
10000000 50
10000000 50
10000000 50
10000000 50
10000000 50
